-999 0 255  0 0
0% 0 0 0 0
-30     0       108     198  0
-25     0       108     198  0
-20     0       108     198  0
-15     0       108     198  0
-10     0       108     198  0
00      0       108     198  255
05      0       0       137  255
10      0       0       255  255
15      0       133     255  255
20      116     255     129  255
25      14      140     184  255
30      239     253     7  255
35      255     215     0  255
40      255     126     0  255
45      233     70      0  255
50      209     0       0  255
55      137     0       0  255
60      154 76  149  255
65      240 140 174  255
70      193 165 169  255
75      141 215 136  255
80      155 223 132  255
100% 255 255 255 255
